Expert(Sto) Return Avg: 3075.46, std: 1077.41
array([3648.765, 1659.816, 3483.388, 1179.874, 3519.548, 3534.882,
       3534.017, 3749.773, 3873.962, 3729.038, 3687.331, 3863.682,
       3520.431, 3640.552, 3630.734, 2993.879, 3575.687, 1024.991,
       3601.283, 3732.199,   26.435, 1083.206, 3608.573,  244.005,
       3547.956,  604.171, 3704.997, 3575.092, 3865.834, 3521.785,
       3769.854, 3691.863, 3722.831, 3589.863, 1673.975, 2669.273,
        627.303, 3605.072, 3810.704, 3743.505, 3726.039, 3912.57 ,
       3408.044, 3700.848, 3631.177, 3675.297, 3583.715,  513.372,
       3467.887, 2235.281, 2897.339, 1265.396, 3831.114, 3655.139,
       3876.966, 3547.362, 3686.519, 1722.003, 3581.293, 3816.65 ,
       3564.773, 3539.842, 2710.334, 3410.155])
Expert(Det) Return Avg: 4061.41, std: 730.58
array([4320.74 , 4339.783, 4286.271, 4189.697, 4215.121, 4043.172,
       4342.496, 4200.874, 3980.095, 4260.446, 4371.64 , 4159.38 ,
       4329.943, 4401.888, 4169.836, 4292.287, 4380.997, 4378.485,
       4199.058, 4188.711, 4582.514, 3080.179, 1687.311, 4387.096,
       4365.651, 4231.868, 4345.16 , 2580.163, 4100.106, 4243.667,
       4394.159, 3444.167, 4278.459, 4550.08 , 4239.836, 1542.3  ,
       4207.545, 4314.663, 4248.86 , 4332.342, 4473.211, 4572.347,
       4205.649, 4024.045, 4369.387, 1243.022, 4139.666, 4304.881,
       4231.057, 4352.082, 4403.265, 4233.356, 4098.566, 1505.038,
       4161.367, 4338.499, 4408.335, 4327.307, 4288.417, 4363.089,
       4142.07 , 4446.95 , 4426.969, 4664.687])
{'seed': 2021, 'cuda': -1, 'env': {'env_name': 'Ant-v5', 'T': 1000, 'state_indices': 'all'}, 'sac': {'epochs': 3000, 'log_step_interval': 5000, 'update_every': 50, 'update_num': 1, 'random_explore_episodes': 10, 'batch_size': 100, 'lr': 0.001, 'alpha': 0.2, 'automatic_alpha_tuning': False, 'buffer_size': 1000000, 'num_test_episodes': 10}, 'expert': {'samples_episode': 64}, 'reward': {'use_bn': False, 'residual': False, 'hid_act': 'relu', 'hidden_sizes': [128, 128], 'clamp_magnitude': 10, 'path': None}}