Expert(Sto) Return Avg: 12405.33, std: 1511.67
array([12688.021, 12623.86 , 12687.171, 12842.952, 12270.512, 12636.442,
       12552.428, 12355.947, 12813.271, 12917.394, 12420.804, 12494.412,
       12634.145, 12478.262, 12706.694, 12618.4  , 12797.272, 12388.717,
       12586.213, 12563.718, 12681.838, 12831.37 , 12348.764, 12142.2  ,
       12444.54 , 12841.595, 12701.985, 12583.887, 13052.373, 12706.733,
       12803.332, 12177.375, 12193.448, 12857.804, 12709.336, 12910.557,
       12599.151, 12773.419, 12407.166, 12458.447, 12323.934, 12672.672,
       12482.665, 12262.609, 12422.774, 12156.895,   516.373, 12519.52 ,
       12647.142, 12488.394, 12722.178, 12606.869, 12783.738, 12684.192,
       12671.999, 12669.392, 12917.45 , 12454.842, 12654.704, 12490.963,
       12734.868, 12846.418, 12596.376, 12311.898])
Expert(Det) Return Avg: 13030.37, std: 165.75
array([12942.632, 13239.884, 13096.978, 13076.951, 12913.561, 13091.941,
       13054.886, 13085.361, 13199.938, 13275.039, 12891.006, 13227.392,
       12821.007, 13072.908, 13120.898, 13235.53 , 12646.862, 13077.439,
       12973.283, 13174.251, 12675.201, 12846.561, 12761.466, 13063.761,
       13224.388, 13075.933, 13068.933, 13082.816, 13050.178, 13210.4  ,
       13087.595, 13074.23 , 13048.82 , 12776.993, 12941.845, 12986.127,
       13082.981, 13016.795, 13195.51 , 13106.365, 12602.801, 13358.964,
       13033.31 , 13184.157, 12978.344, 13129.141, 12814.933, 12881.779,
       12933.266, 12797.608, 13126.116, 12839.252, 13265.494, 13083.311,
       12998.113, 13046.021, 13266.237, 13053.153, 12697.829, 12990.74 ,
       12856.953, 13163.5  , 12983.449, 13264.702])
{'seed': 1, 'cuda': -1, 'env': {'env_name': 'HalfCheetah-v5', 'T': 1000, 'state_indices': 'all'}, 'sac': {'epochs': 3000, 'log_step_interval': 5000, 'update_every': 50, 'update_num': 1, 'random_explore_episodes': 10, 'batch_size': 100, 'lr': 0.001, 'alpha': 0.2, 'automatic_alpha_tuning': False, 'buffer_size': 1000000, 'num_test_episodes': 10}, 'expert': {'samples_episode': 64}, 'reward': {'use_bn': False, 'residual': False, 'hid_act': 'relu', 'hidden_sizes': [64, 64], 'clamp_magnitude': 10, 'path': 'expert_data/reward_models/halfcheetah/reward_model_itr592_det13333_sto12479.pkl'}}