Expert(Sto) Return Avg: 3334.37, std: 396.84
array([3481.051, 3465.882, 3477.334, 3473.834, 3474.871, 3462.106,
       2629.567, 3486.967, 3493.439, 3483.247, 3473.368, 3484.886,
       3465.533, 3469.082, 3568.545, 3044.584, 2902.176, 3454.795,
       3518.294, 3488.791, 3536.829, 3483.854, 3479.264, 3476.95 ,
       3501.888, 3464.887, 3495.959, 3470.598, 3476.193, 3475.055,
       3497.403, 3469.757, 3483.812, 3514.156, 3492.914, 3597.214,
       3470.915, 3461.49 , 2034.415, 3436.852, 3467.314, 3465.534,
       3484.123, 3489.571, 3492.257, 3460.3  , 3478.934, 2406.671,
       3530.967, 3454.364, 3476.877, 3480.191, 3555.351, 2452.682,
       3473.052, 3469.253, 3496.055, 3423.097, 2103.887, 3472.701,
       2304.049, 1877.367, 3495.204, 3471.302])
Expert(Det) Return Avg: 3500.87, std: 4.33
array([3490.214, 3502.305, 3493.   , 3497.907, 3500.017, 3509.803,
       3502.41 , 3495.016, 3503.634, 3501.364, 3497.7  , 3502.776,
       3500.324, 3496.957, 3507.35 , 3501.917, 3502.567, 3498.985,
       3501.825, 3503.107, 3498.393, 3498.281, 3499.423, 3500.441,
       3498.348, 3501.788, 3496.748, 3506.551, 3504.754, 3497.008,
       3497.659, 3503.54 , 3504.203, 3499.239, 3498.186, 3502.549,
       3499.807, 3504.023, 3495.477, 3502.024, 3491.95 , 3499.221,
       3498.028, 3500.35 , 3503.145, 3506.494, 3507.848, 3500.028,
       3505.035, 3508.414, 3506.204, 3497.619, 3501.475, 3501.618,
       3489.857, 3502.931, 3501.225, 3497.449, 3495.792, 3500.784,
       3506.135, 3509.699, 3508.306, 3498.679])
{'seed': 1, 'cuda': -1, 'env': {'env_name': 'Hopper-v5', 'T': 1000}, 'sac': {'epochs': 1000, 'log_step_interval': 5000, 'update_every': 50, 'update_num': 1, 'random_explore_episodes': 10, 'batch_size': 100, 'lr': 0.001, 'alpha': 0.2, 'automatic_alpha_tuning': False, 'buffer_size': 1000000, 'num_test_episodes': 10}, 'expert': {'samples_episode': 64}}