Expert(Sto) Return Avg: 5027.11, std: 550.48
array([5088.52 , 5130.472, 5080.295, 5065.352, 5069.259, 5082.884,
       5109.295, 5085.617, 5022.739, 5052.553, 5095.203, 5003.353,
       5138.478, 5198.548, 5108.868, 5109.532, 5091.687, 5065.594,
       5091.933, 5125.885, 5159.203, 5035.862, 5130.551, 5126.202,
       5077.571, 5112.044, 5142.087, 5082.292, 5101.707, 5038.983,
       5135.587, 5139.717, 5036.879, 5162.754, 5092.422, 5126.313,
       5077.472, 5112.074, 5069.157, 5077.63 , 5110.321, 5062.358,
       5126.296, 5096.904, 5078.362, 5129.827, 5095.799, 5125.82 ,
       5049.854, 5139.905, 5075.508, 5079.954, 5089.502, 5141.345,
       5114.632, 5093.645, 5073.366, 5075.75 , 5106.85 , 5046.917,
       5126.953, 5096.661, 5079.005,  666.87 ])
Expert(Det) Return Avg: 5237.48, std: 414.69
array([5316.155, 5299.1  , 5304.008, 5270.509, 5283.164, 5306.912,
       5323.593, 5278.411, 5305.356, 5331.562, 5331.16 , 5300.028,
       5281.52 , 5343.712, 5302.523, 5294.2  , 5347.511, 5298.639,
       5304.289, 5342.481, 5256.873, 5306.914, 5274.428, 5285.823,
       5292.923, 5269.953, 5289.714, 5244.716, 5313.924, 2024.049,
       5308.805, 5312.459, 5317.125, 5301.678, 5317.064, 5325.788,
       5239.881, 5271.783, 5347.39 , 5329.189, 5342.922, 5026.741,
       5321.142, 5326.315, 5313.394, 5294.934, 5355.65 , 5309.535,
       5253.37 , 5326.387, 5299.455, 5343.326, 5259.646, 5338.653,
       5233.978, 5284.709, 4681.392, 5364.007, 5210.096, 5354.407,
       5316.042, 5230.735, 5289.522, 5327.051])
{'seed': 1, 'cuda': -1, 'env': {'env_name': 'Humanoid-v5', 'T': 1000, 'state_indices': 'all'}, 'sac': {'epochs': 3000, 'log_step_interval': 5000, 'update_every': 50, 'update_num': 1, 'random_explore_episodes': 10, 'batch_size': 100, 'lr': 0.001, 'alpha': 0.2, 'automatic_alpha_tuning': False, 'buffer_size': 1000000, 'num_test_episodes': 10}, 'expert': {'samples_episode': 64}, 'reward': {'use_bn': False, 'residual': False, 'hid_act': 'relu', 'hidden_sizes': [64, 64], 'clamp_magnitude': 10, 'path': 'expert_data/reward_models/humanoid/reward_model_itr592_det13333_sto12479.pkl'}}