Expert(Sto) Return Avg: 5336.97, std: 47.51
array([5387.303, 5313.884, 5269.724, 5313.423, 5369.746, 5386.107,
       5272.289, 5359.298, 5320.453, 5303.595, 5363.402, 5184.103,
       5297.425, 5289.101, 5352.636, 5346.105, 5377.35 , 5332.32 ,
       5353.443, 5374.69 , 5321.221, 5332.797, 5315.636, 5408.507,
       5354.954, 5318.744, 5371.603, 5338.223, 5347.471, 5333.983,
       5359.063, 5326.348, 5328.189, 5320.584, 5326.024, 5264.784,
       5365.092, 5329.92 , 5366.566, 5296.701, 5430.518, 5372.871,
       5352.588, 5313.668, 5317.769, 5409.263, 5308.065, 5380.189,
       5349.561, 5410.429, 5356.019, 5388.138, 5381.157, 5172.889,
       5284.681, 5318.684, 5340.256, 5408.202, 5300.484, 5294.015,
       5300.557, 5392.21 , 5294.038, 5397.238])
Expert(Det) Return Avg: 5580.39, std: 20.30
array([5545.505, 5604.136, 5595.257, 5592.761, 5551.935, 5599.493,
       5558.912, 5543.536, 5608.862, 5609.209, 5601.29 , 5564.956,
       5570.548, 5595.074, 5566.867, 5586.677, 5602.972, 5552.394,
       5563.889, 5598.944, 5591.481, 5592.163, 5587.144, 5587.865,
       5605.152, 5587.164, 5583.316, 5556.509, 5588.69 , 5591.89 ,
       5613.192, 5571.474, 5580.993, 5575.139, 5592.068, 5597.997,
       5563.189, 5605.503, 5587.323, 5576.383, 5563.044, 5596.595,
       5604.565, 5598.131, 5569.935, 5606.756, 5547.752, 5570.924,
       5575.655, 5557.218, 5591.089, 5583.649, 5574.193, 5596.563,
       5555.109, 5607.623, 5587.485, 5564.466, 5555.086, 5590.206,
       5561.192, 5557.406, 5516.362, 5565.895])
{'seed': 1, 'cuda': -1, 'env': {'env_name': 'Walker2d-v5', 'T': 1000, 'state_indices': 'all'}, 'sac': {'epochs': 3000, 'log_step_interval': 5000, 'update_every': 50, 'update_num': 1, 'random_explore_episodes': 10, 'batch_size': 100, 'lr': 0.001, 'alpha': 0.2, 'automatic_alpha_tuning': False, 'buffer_size': 1000000, 'num_test_episodes': 10}, 'expert': {'samples_episode': 64}, 'reward': {'use_bn': False, 'residual': False, 'hid_act': 'relu', 'hidden_sizes': [64, 64], 'clamp_magnitude': 10, 'path': None}}